100408
100610
101107
101309
102311
102513
102614
102816
103010
103111
103212
103414
105216
105620
106016
106319
106824
107018
107321
107725
108121
108222
108323
109123
109325
110613
111211
112112
112314
112516
114217
114419
114823
114924
115724
116726
117122
118023
118528
118831
118932
119025
120111
120212
120414
122620
122822
123117
123521
123824
124624
124826
126426
126628
127327
127630
127731
127832
128127
129331
129634
130013
130114
130316
130619
130720
131217
131419
132017
133019
133625
134223
134324
134627
135225
135528
135629
135730
135932
136126
136833
137027
137229
137532
137633
137936
138130
138231
138332
138837
140117
141422
142828
143325
143426
143830
144226
144731
144832
144933
145127
145632
146129
146735
146836
147636
148335
148436
148941
149337
149539
149741
149842
150928
151324
151425
151627
151829
152225
152427
152831
153126
153631
154330
154431
154532
154734
154835
155938
156435
157336
157942
158843
159138
159239
159340
160729
161630
162026
162228
162329
162733
163129
163432
164636
164939
165638
165941
166438
167036
167743
168341
168947
169040
169444
169949
171330
172534
173334
173435
173536
173738
173940
174437
175035
175338
175540
176037
176744
176845
177241
177645
177746
178142
178243
178748
178849
178950
179245
180129
180533
181131
182032
182436
183034
185442
185846
185947
186040
186444
186545
187547
188549
188751
189450
189652
190031
191336
191437
191841
191942
192136
192641
194140
194645
194746
195041
195445
195950
196750
197550
198047
198350
198653
199150
199251
199352
200311
200917
201111
201414
201515
201818
202113
203418
203923
204016
204319
204420
204521
205119
206727
206828
207123
208024
208226
209228
209329
209834
209935
210112
210415
210617
211619
211821
211922
212116
213017
214221
214423
214524
227432
227533
228434
239136
239944
250427
250932
251833
255639
255740
256540
257845
263436
275645
280739
281135
285446
286650
287248
289555
293748
297655
298455
299760
303119
304020
304727
308129
310621
314225
316633
320826
322224
325129
329440
329844
333330
334635
346945
348545
349244
352738
356948
358144
366042
368551
376247
377451
378857
380036
381038
381543
385046
389357
391748
392750
393550
395958
397154
401422
413934
415837
421226
424939
436845
454140
459453
461743
463040
468050
479762
486759
497865
500222
506234
510225
510326
512835
513130
517239
519647
524135
530635
536647
541640
545345
548250
553344
555348
555651
555954
558657
558960
559053
559457
561949
566454
567759
570243
572045
573451
578057
579665
579867
580650
580751
585862
586460
587664
588565
590047
598568
601127
611938
616645
617748
620434
622236
623844
627852
634748
638049
645450
654552
656253
656657
663755
664757
668361
671855
672756
673455
677766
679770
680250
680957
687163
690152
692964
693764
698168
702133
705341
707749
715041
715950
720337
723141
724446
727553
727654
729254
731140
737960
744553
748258
749058
756055
757764
759869
761957
767464
773257
774663
783462
784565
788876
792564
792766
800941
802844
804646
810843
814649
815247
818455
825048
825553
833148
835657
837560
837964
841349
844961
849264
861456
865363
867468
869472
870861
871762
872158
877269
878776
880157
882161
884064
887373
894067
894774
896778
896879
901038
902242
904044
905147
908860
910241
911849
917255
927359
933253
937160
942658
957974
959574
969476
970764
987983
989987
990366
991267
994273
996782
